6.032422e+01	1.574832e+02	6.846823e+01	1.018669e+02	1.062072e+02	1.073931e+02	9.806321e+01	1.630094e+02	9.833074e+01	5.939623e+01	9.963003e+01	4.773899e+01	6.561626e+01	
1.078599e+02	1.665032e+02	1.153351e+02	1.165873e+02	1.430112e+02	1.207320e+02	1.355360e+02	1.706479e+02	9.851708e+01	1.065975e+02	1.136597e+02	3.767610e+01	5.991592e+01	
1.306675e+02	1.741582e+02	1.430306e+02	1.238753e+02	1.767445e+02	1.321646e+02	1.643813e+02	1.824475e+02	1.038135e+02	1.318491e+02	1.230200e+02	4.371384e+01	6.028288e+01	
1.541445e+02	1.808497e+02	1.718807e+02	1.227101e+02	2.035819e+02	1.323809e+02	1.858457e+02	1.905205e+02	1.069650e+02	1.580126e+02	1.225455e+02	4.170126e+01	6.813962e+01	
1.835743e+02	1.788696e+02	1.947780e+02	1.274533e+02	2.264792e+02	1.343610e+02	2.152755e+02	1.857773e+02	1.022927e+02	1.841761e+02	1.259071e+02	4.170126e+01	6.141631e+01	
2.118060e+02	1.897601e+02	2.228984e+02	1.220889e+02	2.566122e+02	1.276151e+02	2.455199e+02	1.952863e+02	9.930886e+01	2.123522e+02	1.198520e+02	4.371384e+01	7.767122e+01	
2.431417e+02	1.883227e+02	2.599904e+02	1.401050e+02	2.876665e+02	1.497758e+02	2.708178e+02	1.979935e+02	1.092609e+02	2.465660e+02	1.399404e+02	3.767610e+01	5.821769e+01	
2.652914e+02	2.014702e+02	2.780923e+02	1.462992e+02	3.138187e+02	1.545885e+02	3.010178e+02	2.097595e+02	1.030627e+02	2.666918e+02	1.454438e+02	4.572642e+01	6.517108e+01	
3.013559e+02	2.057392e+02	3.064303e+02	1.586089e+02	3.320938e+02	1.613720e+02	3.270194e+02	2.085023e+02	9.614517e+01	2.988931e+02	1.549904e+02	3.566352e+01	5.713030e+01	
3.222824e+02	2.099718e+02	3.297805e+02	1.599024e+02	3.574566e+02	1.640471e+02	3.499585e+02	2.141165e+02	9.851708e+01	3.210314e+02	1.569747e+02	3.767610e+01	6.006938e+01	
3.452104e+02	2.076033e+02	3.672298e+02	1.484554e+02	3.969185e+02	1.595078e+02	3.748991e+02	2.186557e+02	1.104191e+02	3.512201e+02	1.489816e+02	3.968868e+01	6.914793e+01	
3.820343e+02	2.182929e+02	3.907833e+02	1.598707e+02	4.184594e+02	1.640153e+02	4.097104e+02	2.224375e+02	9.851708e+01	3.814088e+02	1.569430e+02	3.767610e+01	6.842221e+01	
4.076606e+02	2.208764e+02	4.174840e+02	1.600502e+02	4.431476e+02	1.641948e+02	4.333241e+02	2.250211e+02	9.917405e+01	4.075723e+02	1.571225e+02	3.566352e+01	7.082626e+01	
4.359962e+02	2.212813e+02	4.403131e+02	1.748976e+02	4.700018e+02	1.776608e+02	4.656849e+02	2.240444e+02	9.531716e+01	4.331547e+02	1.712792e+02	3.968868e+01	5.638367e+01	
4.656051e+02	2.145834e+02	4.802942e+02	1.691063e+02	5.059578e+02	1.773956e+02	4.912687e+02	2.228727e+02	1.079004e+02	4.679497e+02	1.682510e+02	3.566352e+01	5.547713e+01	
4.991132e+02	2.332914e+02	4.991132e+02	1.780294e+02	5.288019e+02	1.780294e+02	5.288019e+02	2.332914e+02	90	4.941132e+02	1.730294e+02	3.968868e+01	6.526205e+01	
5.126881e+02	2.314171e+02	5.177396e+02	1.771406e+02	5.474283e+02	1.799037e+02	5.423768e+02	2.341802e+02	9.531716e+01	5.102138e+02	1.735221e+02	3.968868e+01	6.427652e+01	
5.774167e+02	2.346730e+02	5.774167e+02	1.835556e+02	5.974167e+02	1.835556e+02	5.974167e+02	2.346730e+02	90	5.724167e+02	1.785556e+02	30	6.111740e+01	
5.997421e+02	2.346730e+02	5.997421e+02	1.849371e+02	6.314434e+02	1.849371e+02	6.314434e+02	2.346730e+02	90	5.947421e+02	1.799371e+02	4.170126e+01	5.973585e+01	
6.299308e+02	2.415807e+02	6.299308e+02	1.918449e+02	6.576069e+02	1.918449e+02	6.576069e+02	2.415807e+02	90	6.249308e+02	1.868449e+02	3.767610e+01	5.973585e+01	
6.493962e+02	2.423287e+02	6.627924e+02	1.910969e+02	6.944937e+02	1.993862e+02	6.810975e+02	2.506180e+02	1.046537e+02	6.510943e+02	1.902415e+02	4.170126e+01	6.123184e+01	
1.194233e+03	1.919420e+02	1.180597e+03	1.364856e+02	1.214311e+03	1.281963e+02	1.227947e+03	1.836527e+02	7.618654e+01	1.182415e+03	1.273410e+02	4.371384e+01	6.545639e+01	
1.219591e+03	1.752319e+02	1.211591e+03	1.338540e+02	1.247317e+03	1.269463e+02	1.255318e+03	1.683242e+02	7.905681e+01	1.210591e+03	1.254002e+02	4.572642e+01	5.137786e+01	
9.723502e+02	5.425134e+02	9.194611e+02	5.098472e+02	9.390869e+02	4.780715e+02	9.919760e+02	5.107377e+02	3.170095e+01	9.242740e+02	4.889594e+02	6.288904e+01	4.266614e+01	
9.808362e+02	4.889995e+02	9.311009e+02	4.832311e+02	9.346261e+02	4.528370e+02	9.843613e+02	4.586054e+02	6.615693e+00	9.278635e+02	4.507212e+02	5.973521e+01	4.039413e+01	
1.001017e+03	4.452811e+02	9.511721e+02	4.357671e+02	9.567099e+02	4.067545e+02	1.006554e+03	4.162685e+02	1.080627e+01	9.489410e+02	4.065115e+02	5.984441e+01	3.901258e+01	
9.666799e+02	3.783585e+02	1.009660e+03	3.866394e+02	1.005135e+03	4.101258e+02	9.621548e+02	4.018448e+02	1.690944e+02	9.594173e+02	3.774990e+02	5.297978e+01	3.348637e+01	
9.538372e+02	3.444758e+02	1.022502e+03	3.569707e+02	1.017977e+03	3.818386e+02	9.493121e+02	3.693438e+02	1.696869e+02	9.465746e+02	3.457233e+02	7.866520e+01	3.486792e+01	
7.734876e+02	5.458921e+02	7.238583e+02	5.147578e+02	7.394590e+02	4.898898e+02	7.890882e+02	5.210242e+02	3.210167e+01	7.266586e+02	4.973238e+02	5.962925e+01	4.113438e+01	
8.080979e+02	4.992133e+02	7.617009e+02	4.730173e+02	7.773015e+02	4.453863e+02	8.236985e+02	4.715823e+02	2.944931e+01	7.645012e+02	4.534843e+02	5.639701e+01	3.763103e+01	
8.176269e+02	4.660198e+02	7.794309e+02	4.393507e+02	7.910064e+02	4.227721e+02	8.292024e+02	4.494412e+02	3.492340e+01	7.802187e+02	4.260614e+02	4.819601e+01	3.666910e+01	
8.412832e+02	4.352757e+02	7.804874e+02	4.165303e+02	7.863803e+02	3.974182e+02	8.471761e+02	4.161636e+02	1.713633e+01	7.784338e+02	4.017909e+02	7.079585e+01	2.911213e+01	
8.449349e+02	4.102225e+02	8.013418e+02	3.934589e+02	8.109047e+02	3.685909e+02	8.544978e+02	3.853545e+02	2.103411e+01	8.011233e+02	3.719727e+02	5.359308e+01	3.486792e+01	
8.565232e+02	3.898045e+02	8.098793e+02	3.669041e+02	8.254799e+02	3.351284e+02	8.721238e+02	3.580288e+02	2.614925e+01	8.126796e+02	3.415786e+02	5.664389e+01	4.177568e+01	
8.716942e+02	3.555543e+02	8.188338e+02	3.362969e+02	8.283967e+02	3.100474e+02	8.812570e+02	3.293049e+02	2.001708e+01	8.186152e+02	3.146761e+02	6.286039e+01	3.624948e+01	
