5.523856e+01	5.456836e+02	2.525201e+01	4.956245e+02	5.292811e+01	4.790459e+02	8.291466e+01	5.291050e+02	5.907743e+01	3.409006e+01	4.823352e+02	3.998655e+01	6.005911e+01	
1.026669e+02	5.224265e+02	6.466526e+01	4.838667e+02	8.429105e+01	4.645250e+02	1.222927e+02	5.030848e+02	4.541767e+01	6.947816e+01	4.691959e+02	4.800165e+01	4.855977e+01	
1.249193e+02	5.170877e+02	9.645175e+01	4.717216e+02	1.140650e+02	4.606691e+02	1.425325e+02	5.060353e+02	5.789144e+01	1.002584e+02	4.611953e+02	3.846756e+01	5.536612e+01	
1.381321e+02	4.977277e+02	1.234906e+02	4.523981e+02	1.491541e+02	4.441088e+02	1.637956e+02	4.894384e+02	7.209956e+01	1.258113e+02	4.432534e+02	3.566352e+01	5.532966e+01	
1.707626e+02	4.857731e+02	1.431871e+02	4.422478e+02	1.628128e+02	4.298139e+02	1.903884e+02	4.733392e+02	5.764360e+01	1.479999e+02	4.310308e+02	3.757558e+01	5.352533e+01	
1.803439e+02	4.734266e+02	1.537315e+02	4.214372e+02	1.834202e+02	4.062401e+02	2.100326e+02	4.582295e+02	6.289296e+01	1.620377e+02	4.088386e+02	3.968868e+01	6.198940e+01	
2.109195e+02	4.610439e+02	1.835333e+02	4.089519e+02	2.071842e+02	3.965179e+02	2.345705e+02	4.486099e+02	6.226784e+01	1.903588e+02	3.977349e+02	3.738622e+01	6.209200e+01	
2.322029e+02	4.407611e+02	2.065266e+02	3.960775e+02	2.281650e+02	3.836435e+02	2.538413e+02	4.283271e+02	6.011721e+01	2.123458e+02	3.848605e+02	3.567632e+01	5.468355e+01	
2.604733e+02	4.300279e+02	2.305833e+02	3.874689e+02	2.522216e+02	3.722719e+02	2.821117e+02	4.148309e+02	5.491885e+01	2.364025e+02	3.748704e+02	3.989004e+01	5.255898e+01	
2.679773e+02	4.126137e+02	2.512554e+02	3.689629e+02	2.728938e+02	3.606736e+02	2.896157e+02	4.043243e+02	6.903897e+01	2.546164e+02	3.598182e+02	3.163836e+01	5.365080e+01	
3.006403e+02	4.108733e+02	2.721436e+02	3.702982e+02	2.937820e+02	3.551012e+02	3.222787e+02	3.956762e+02	5.491885e+01	2.779628e+02	3.576997e+02	3.849671e+01	5.057508e+01	
3.240267e+02	3.922233e+02	2.877846e+02	3.479067e+02	3.114356e+02	3.285650e+02	3.476776e+02	3.728816e+02	5.072373e+01	2.946101e+02	3.332358e+02	4.624208e+01	5.431660e+01	
3.337833e+02	3.701443e+02	3.182796e+02	3.257760e+02	3.459557e+02	3.161051e+02	3.614594e+02	3.604735e+02	7.073905e+01	3.210314e+02	3.159406e+02	3.767610e+01	5.436834e+01	
3.632563e+02	3.572545e+02	3.425839e+02	3.250823e+02	3.662348e+02	3.098852e+02	3.869073e+02	3.420575e+02	5.727697e+01	3.479201e+02	3.124838e+02	3.365094e+01	4.217224e+01	
3.908467e+02	3.480441e+02	3.578200e+02	3.119559e+02	3.834835e+02	2.884695e+02	4.165102e+02	3.245577e+02	4.753632e+01	3.656517e+02	2.952127e+02	4.302669e+01	4.608822e+01	
4.138972e+02	3.308866e+02	3.830714e+02	2.931930e+02	4.067223e+02	2.738513e+02	4.375481e+02	3.115449e+02	5.072373e+01	3.898968e+02	2.785222e+02	4.082580e+01	4.769362e+01	
4.329221e+02	2.576649e+02	4.606503e+02	3.056265e+02	4.319742e+02	3.222051e+02	4.042460e+02	2.742435e+02	1.200336e+02	4.131101e+02	2.609542e+02	3.867610e+01	5.796162e+01	
4.772630e+02	2.924942e+02	4.444855e+02	2.514555e+02	4.721616e+02	2.293507e+02	5.049391e+02	2.703894e+02	5.138574e+01	4.533235e+02	2.354031e+02	4.277751e+01	5.103872e+01	
4.992652e+02	2.685092e+02	4.627675e+02	2.204471e+02	4.864185e+02	2.024869e+02	5.229161e+02	2.505491e+02	5.278751e+01	4.695930e+02	2.064670e+02	4.649767e+01	5.806216e+01	
5.197948e+02	2.598071e+02	4.864819e+02	2.150650e+02	5.161706e+02	1.929602e+02	5.494835e+02	2.377023e+02	5.333033e+01	4.963263e+02	1.990126e+02	4.331286e+01	5.474204e+01	
5.436788e+02	2.438222e+02	5.229753e+02	1.978926e+02	5.566891e+02	1.826956e+02	5.773926e+02	2.286252e+02	6.573575e+01	5.283270e+02	1.852941e+02	4.371384e+01	5.592960e+01	
7.140156e+02	1.976249e+02	7.591793e+02	1.611969e+02	7.747800e+02	1.805386e+02	7.296163e+02	2.169667e+02	1.411111e+02	7.168160e+02	1.658677e+02	5.516368e+01	4.642809e+01	
7.877878e+02	2.134858e+02	7.296839e+02	2.475708e+02	7.150958e+02	2.227029e+02	7.731998e+02	1.886179e+02	3.039679e+01	7.173899e+02	1.960518e+02	6.810391e+01	4.408498e+01	
7.942088e+02	2.466362e+02	7.474138e+02	2.669194e+02	7.348384e+02	2.379068e+02	7.816333e+02	2.176236e+02	2.343427e+01	7.361261e+02	2.227652e+02	5.679496e+01	3.901258e+01	
8.047745e+02	2.660166e+02	7.563928e+02	2.983139e+02	7.413235e+02	2.757400e+02	7.897052e+02	2.434426e+02	3.372516e+01	7.438581e+02	2.497296e+02	5.838175e+01	4.229733e+01	
8.145539e+02	3.062645e+02	7.632951e+02	3.178152e+02	7.567574e+02	2.888026e+02	8.080162e+02	2.772519e+02	1.269900e+01	7.550263e+02	2.780273e+02	6.125878e+01	3.901258e+01	
8.212186e+02	3.319328e+02	7.687059e+02	3.474089e+02	7.601556e+02	3.183963e+02	8.126683e+02	3.029203e+02	1.642080e+01	7.594307e+02	3.056583e+02	6.251272e+01	3.901258e+01	
8.198284e+02	4.042732e+02	7.660710e+02	4.021712e+02	7.675835e+02	3.634878e+02	8.213410e+02	3.655898e+02	2.239207e+00	7.618273e+02	3.595388e+02	6.375743e+01	4.868344e+01	
8.336631e+02	1.423818e+02	8.649407e+02	9.762656e+01	8.926168e+02	1.169683e+02	8.613392e+02	1.617235e+02	1.249482e+02	8.425011e+02	1.022974e+02	4.127767e+01	5.475527e+01	
9.123485e+02	1.467613e+02	8.707836e+02	1.761402e+02	8.541830e+02	1.526538e+02	8.957478e+02	1.232749e+02	3.525342e+01	8.574833e+02	1.300181e+02	5.156483e+01	3.937884e+01	
9.263019e+02	1.677813e+02	8.930566e+02	2.048560e+02	8.684056e+02	1.827512e+02	9.016510e+02	1.456765e+02	4.811701e+01	8.757311e+02	1.517289e+02	4.324534e+01	4.707467e+01	
9.496264e+02	2.213723e+02	9.019334e+02	2.534999e+02	8.833202e+02	2.258688e+02	9.310131e+02	1.937412e+02	3.396556e+01	8.876268e+02	2.025567e+02	5.769296e+01	4.212761e+01	
9.664490e+02	2.481844e+02	9.213372e+02	2.819498e+02	9.027239e+02	2.570819e+02	9.478358e+02	2.233164e+02	3.681421e+01	9.070306e+02	2.307504e+02	5.511186e+01	4.376544e+01	
2.537437e+02	5.425013e+02	3.057406e+02	5.181486e+02	3.193286e+02	5.471611e+02	2.673317e+02	5.715139e+02	1.549039e+02	2.555377e+02	5.253249e+02	6.199689e+01	3.901258e+01	
