1.307118e+02	1.157230e+02	8.663414e+01	9.665434e+01	9.619703e+01	7.454952e+01	1.402747e+02	9.361820e+01	2.339407e+01	8.641559e+01	7.908386e+01	5.407763e+01	3.210482e+01	
1.845889e+02	9.724919e+01	1.374111e+02	7.644473e+01	1.489865e+02	5.019526e+01	1.961644e+02	7.099971e+01	2.379648e+01	1.381988e+02	5.559748e+01	5.717787e+01	3.624948e+01	
1.792801e+02	1.256996e+02	1.432650e+02	1.090802e+02	1.551377e+02	8.335157e+01	1.911527e+02	9.997094e+01	2.477128e+01	1.442014e+02	8.666126e+01	4.601501e+01	3.572866e+01	
1.653836e+02	1.848234e+02	1.244721e+02	1.624690e+02	1.380602e+02	1.376010e+02	1.789717e+02	1.599555e+02	2.865258e+01	1.262661e+02	1.437782e+02	5.091154e+01	3.486792e+01	
1.665115e+02	2.087605e+02	1.152369e+02	1.887447e+02	1.227872e+02	1.694030e+02	1.740618e+02	1.894188e+02	2.132389e+01	1.140121e+02	1.740739e+02	6.127461e+01	3.001577e+01	
1.022377e+02	2.224764e+02	5.070571e+01	2.026599e+02	6.026861e+01	1.777920e+02	1.118006e+02	1.976084e+02	2.103411e+01	5.048716e+01	1.827002e+02	6.153197e+01	3.486792e+01	
1.642963e+02	2.361666e+02	1.214773e+02	2.304162e+02	1.250025e+02	2.041668e+02	1.678214e+02	2.099171e+02	7.648739e+00	1.182399e+02	2.020419e+02	5.281896e+01	3.624948e+01	
1.122783e+02	2.558935e+02	5.274060e+01	2.355573e+02	6.029091e+01	2.134524e+02	1.198286e+02	2.337886e+02	1.885856e+01	5.151575e+01	2.186205e+02	6.953767e+01	3.210482e+01	
1.010437e+02	2.826290e+02	4.687455e+01	2.668468e+02	5.492486e+01	2.392158e+02	1.090940e+02	2.549980e+02	1.624351e+01	4.589971e+01	2.421069e+02	6.416914e+01	3.763103e+01	
1.414750e+02	3.110004e+02	8.794638e+01	3.075530e+02	8.945896e+01	2.840667e+02	1.429876e+02	2.875140e+02	3.684896e+00	8.370267e+01	2.807904e+02	6.352863e+01	3.348637e+01	
1.358617e+02	3.500722e+02	9.355971e+01	3.292695e+02	1.071478e+02	3.016385e+02	1.494497e+02	3.224412e+02	2.618648e+01	9.535374e+01	3.070398e+02	5.230196e+01	3.763103e+01	
7.976453e+01	3.351307e+02	2.487698e+01	3.193431e+02	3.242729e+01	2.930936e+02	8.731484e+01	3.088813e+02	1.604718e+01	2.365214e+01	2.959874e+02	6.488755e+01	3.624948e+01	
7.839168e+01	3.619221e+02	3.027499e+01	3.505769e+02	3.581273e+01	3.270905e+02	8.392941e+01	3.384357e+02	1.326717e+01	2.804386e+01	3.277631e+02	5.811669e+01	3.348637e+01	
1.168869e+02	4.084205e+02	7.228292e+01	3.897346e+02	8.385839e+01	3.621036e+02	1.284624e+02	3.807895e+02	2.273028e+01	7.307066e+01	3.664465e+02	5.460397e+01	3.763103e+01	
5.736580e+01	4.504216e+02	1.104929e+01	4.389159e+02	1.859961e+01	4.085218e+02	6.491612e+01	4.200275e+02	1.395066e+01	9.824449e+00	4.092746e+02	5.631651e+01	4.039413e+01	
1.020909e+02	5.127145e+02	5.085247e+01	5.064888e+02	5.437763e+01	4.774762e+02	1.056161e+02	4.837019e+02	6.927733e+00	4.761505e+01	4.755891e+02	6.123846e+01	3.901258e+01	
8.436018e+01	5.847083e+02	2.723760e+01	5.912012e+02	2.472502e+01	5.690964e+02	8.184760e+01	5.626035e+02	6.484781e+00	2.098131e+01	5.608499e+02	6.712258e+01	3.210482e+01	
8.197867e+01	6.233151e+02	2.266284e+01	6.141734e+02	2.705373e+01	5.856831e+02	8.636955e+01	5.948247e+02	8.761394e+00	1.985829e+01	5.852539e+02	6.931582e+01	3.849036e+01	
6.955571e+01	6.515779e+02	1.948662e+01	6.441851e+02	2.338080e+01	6.178110e+02	7.344989e+01	6.252037e+02	8.399105e+00	1.643371e+01	6.165073e+02	6.006910e+01	3.637419e+01	
2.318796e+02	5.445160e+02	1.736487e+02	5.299494e+02	1.820089e+02	4.965291e+02	2.402398e+02	5.110957e+02	1.404450e+01	1.728288e+02	4.988124e+02	6.823093e+01	4.342029e+01	
2.857346e+02	5.607802e+02	2.454181e+02	5.405660e+02	2.590839e+02	5.133101e+02	2.994004e+02	5.335243e+02	2.662867e+01	2.472510e+02	5.184172e+02	5.031647e+01	3.725591e+01	
3.000353e+02	5.307934e+02	2.433483e+02	5.160410e+02	2.508986e+02	4.870284e+02	3.075856e+02	5.017808e+02	1.458725e+01	2.421235e+02	4.894046e+02	6.668700e+01	3.901258e+01	
2.509149e+02	4.915899e+02	1.988901e+02	4.751145e+02	2.089530e+02	4.433388e+02	2.609778e+02	4.598143e+02	1.757223e+01	1.989216e+02	4.465765e+02	6.202476e+01	4.177568e+01	
3.155780e+02	4.451613e+02	2.583744e+02	4.323366e+02	2.637923e+02	4.081701e+02	3.209960e+02	4.209949e+02	1.263647e+01	2.560834e+02	4.095825e+02	6.720366e+01	3.416643e+01	
3.364714e+02	3.956273e+02	2.793651e+02	3.776599e+02	2.889280e+02	3.472658e+02	3.460343e+02	3.652331e+02	1.746512e+01	2.791466e+02	3.512495e+02	6.710624e+01	4.039413e+01	
3.415838e+02	3.572073e+02	2.727435e+02	3.474488e+02	2.762687e+02	3.225809e+02	3.451090e+02	3.323394e+02	8.068218e+00	2.695061e+02	3.224601e+02	7.884028e+01	3.486792e+01	
3.449055e+02	3.145596e+02	2.263379e+02	2.915307e+02	2.353242e+02	2.452633e+02	3.538919e+02	2.682922e+02	1.099148e+01	2.258310e+02	2.517778e+02	1.285677e+02	5.626736e+01	
3.741998e+02	2.552226e+02	3.181147e+02	2.445174e+02	3.236524e+02	2.155049e+02	3.797375e+02	2.262100e+02	1.080627e+01	3.158835e+02	2.158574e+02	6.608515e+01	3.901258e+01	
3.181526e+02	2.099602e+02	2.614575e+02	1.985975e+02	2.669952e+02	1.709665e+02	3.236903e+02	1.823291e+02	1.133292e+01	2.592264e+02	1.716478e+02	6.669505e+01	3.763103e+01	
3.321398e+02	1.797267e+02	2.796715e+02	1.680427e+02	2.852092e+02	1.431748e+02	3.376776e+02	1.548588e+02	1.255412e+01	2.774403e+02	1.440168e+02	6.246838e+01	3.486792e+01	
3.819478e+02	1.906841e+02	3.304925e+02	1.847163e+02	3.340176e+02	1.543221e+02	3.854730e+02	1.602900e+02	6.615693e+00	3.272550e+02	1.523061e+02	6.145535e+01	4.039413e+01	
3.366874e+02	1.512128e+02	2.871994e+02	1.412945e+02	2.927371e+02	1.136635e+02	3.422251e+02	1.235818e+02	1.133292e+01	2.849683e+02	1.136226e+02	5.948800e+01	3.763103e+01	
3.542561e+02	1.004426e+02	3.008320e+02	8.982997e+01	3.068697e+02	5.943584e+01	3.602938e+02	7.004844e+01	1.123543e+01	2.988508e+02	5.974214e+01	6.342409e+01	4.039413e+01	
4.635905e+02	4.574926e+02	4.018057e+02	4.511866e+02	4.053309e+02	4.166478e+02	4.671157e+02	4.229538e+02	5.827642e+00	3.985683e+02	4.148008e+02	7.178481e+01	4.453878e+01	
4.682735e+02	4.253805e+02	4.132234e+02	4.225105e+02	4.147359e+02	3.934979e+02	4.697861e+02	3.963679e+02	2.984429e+00	4.089797e+02	3.899329e+02	6.505013e+01	3.901258e+01	
4.787660e+02	3.945205e+02	4.171265e+02	3.955828e+02	4.166265e+02	3.665702e+02	4.782660e+02	3.655079e+02	9.873322e-01	4.118765e+02	3.610391e+02	7.163956e+01	3.901258e+01	
4.847909e+02	3.710200e+02	4.329324e+02	3.718731e+02	4.324324e+02	3.414790e+02	4.842909e+02	3.406259e+02	9.424618e-01	4.276824e+02	3.360524e+02	6.185846e+01	4.039413e+01	
4.972637e+02	3.448510e+02	4.285099e+02	3.317277e+02	4.340476e+02	3.027151e+02	5.028015e+02	3.158384e+02	1.080627e+01	4.262787e+02	3.042767e+02	7.875387e+01	3.901258e+01	
5.268520e+02	1.928874e+02	4.754164e+02	1.942170e+02	4.748996e+02	1.742237e+02	5.263351e+02	1.728941e+02	1.480815e+00	4.701580e+02	1.685589e+02	6.143553e+01	2.999332e+01	
5.285721e+02	1.569326e+02	4.736795e+02	1.411010e+02	4.832424e+02	1.079437e+02	5.381350e+02	1.237753e+02	1.608812e+01	4.734609e+02	1.108595e+02	6.489260e+01	4.315723e+01	
5.368331e+02	1.230121e+02	4.774939e+02	1.059439e+02	4.850443e+02	7.969445e+01	5.443834e+02	9.676258e+01	1.604718e+01	4.762691e+02	8.322851e+01	6.933917e+01	3.624948e+01	
5.407701e+02	1.003851e+02	4.936827e+02	8.159811e+01	5.052582e+02	5.258553e+01	5.523456e+02	7.137254e+01	2.175107e+01	4.944704e+02	5.697904e+01	5.708745e+01	3.901258e+01	
5.451137e+02	5.992421e+01	4.973894e+02	3.640284e+01	5.089649e+02	1.291646e+01	5.566892e+02	3.643783e+01	2.623680e+01	4.981771e+02	1.965965e+01	5.772433e+01	3.352137e+01	
4.378247e+02	8.474582e+01	4.517225e+02	8.818120e+00	4.894615e+02	1.572588e+01	4.755637e+02	9.165358e+01	1.003726e+02	4.397736e+02	7.271998e+00	4.773899e+01	8.592770e+01	
5.999935e+02	1.185633e+02	6.196165e+02	7.170924e+01	6.493052e+02	8.414320e+01	6.296822e+02	1.309973e+02	1.127245e+02	6.048050e+02	7.292622e+01	3.968868e+01	5.685406e+01	
6.768640e+02	9.744482e+01	6.433750e+02	1.425636e+02	6.247618e+02	1.287480e+02	6.582508e+02	8.362931e+01	5.341563e+01	6.290684e+02	8.553707e+01	4.348904e+01	5.511874e+01	
6.667473e+02	1.722711e+02	6.946307e+02	1.176811e+02	7.162691e+02	1.287335e+02	6.883857e+02	1.833235e+02	1.170570e+02	6.725665e+02	1.182073e+02	3.788338e+01	6.458998e+01	
6.873925e+02	1.760697e+02	7.133496e+02	1.302532e+02	7.450509e+02	1.482133e+02	7.190938e+02	1.940299e+02	1.195335e+02	6.953711e+02	1.342332e+02	4.170126e+01	5.581654e+01	
7.095778e+02	1.935280e+02	7.475165e+02	1.431890e+02	7.731801e+02	1.625307e+02	7.352413e+02	2.128697e+02	1.270041e+02	7.174096e+02	1.478599e+02	4.793875e+01	6.033896e+01	
7.334307e+02	1.984886e+02	7.639152e+02	1.630963e+02	7.895787e+02	1.852011e+02	7.590942e+02	2.205934e+02	1.307394e+02	7.412625e+02	1.691487e+02	4.048452e+01	4.539229e+01	
7.612584e+02	2.281198e+02	7.884146e+02	1.776748e+02	8.140781e+02	1.914903e+02	7.869219e+02	2.419353e+02	1.182950e+02	7.690901e+02	1.795825e+02	3.715621e+01	6.044503e+01	
7.824903e+02	2.456669e+02	8.034090e+02	1.932849e+02	8.310851e+02	2.043373e+02	8.101665e+02	2.567193e+02	1.117692e+02	7.879497e+02	1.938111e+02	3.767610e+01	6.238199e+01	
8.085086e+02	2.624312e+02	8.256926e+02	2.096778e+02	8.553813e+02	2.193487e+02	8.381973e+02	2.721020e+02	1.080426e+02	8.121006e+02	2.095133e+02	3.968868e+01	6.275334e+01	
8.295042e+02	2.694819e+02	8.529989e+02	2.192057e+02	8.766499e+02	2.302581e+02	8.531551e+02	2.805343e+02	1.150473e+02	8.362516e+02	2.197319e+02	3.365094e+01	6.027616e+01	
8.499669e+02	2.770196e+02	8.808381e+02	2.254836e+02	9.085142e+02	2.420622e+02	8.776430e+02	2.935982e+02	1.209226e+02	8.588050e+02	2.287729e+02	4.087122e+01	6.153597e+01	
8.758257e+02	2.930054e+02	8.992561e+02	2.426550e+02	9.289447e+02	2.564705e+02	9.055144e+02	3.068209e+02	1.149547e+02	8.825409e+02	2.445628e+02	3.968868e+01	6.035038e+01	
9.076774e+02	3.015923e+02	9.318069e+02	2.478836e+02	9.594830e+02	2.603176e+02	9.353535e+02	3.140262e+02	1.141928e+02	9.147421e+02	2.491006e+02	3.767610e+01	6.370865e+01	
9.303943e+02	3.183745e+02	9.573919e+02	2.670217e+02	9.810428e+02	2.794556e+02	9.540452e+02	3.308085e+02	1.177322e+02	9.372197e+02	2.682387e+02	3.699763e+01	6.135285e+01	
9.429301e+02	3.295145e+02	9.770573e+02	2.807497e+02	1.002721e+03	2.987098e+02	9.685936e+02	3.474747e+02	1.249856e+02	9.507619e+02	2.847297e+02	4.412722e+01	5.876483e+01	
1.006691e+03	3.560735e+02	1.021975e+03	3.094527e+02	1.055689e+03	3.205051e+02	1.040405e+03	3.671259e+02	1.081507e+02	1.009333e+03	3.099789e+02	4.371384e+01	5.662073e+01	
9.756802e+02	3.460061e+02	9.962131e+02	2.969794e+02	1.025902e+03	3.094134e+02	1.005369e+03	3.584401e+02	1.127245e+02	9.809466e+02	2.981964e+02	3.968868e+01	5.902667e+01	
1.034771e+03	3.718083e+02	1.054273e+03	3.241121e+02	1.077924e+03	3.337829e+02	1.058421e+03	3.814791e+02	1.122396e+02	1.039522e+03	3.239475e+02	3.365094e+01	5.769620e+01	
1.057493e+03	3.815623e+02	1.079853e+03	3.281736e+02	1.109542e+03	3.406075e+02	1.087182e+03	3.939962e+02	1.127245e+02	1.063673e+03	3.293906e+02	3.968868e+01	6.338870e+01	
1.086584e+03	3.814337e+02	1.103089e+03	3.393545e+02	1.134790e+03	3.517885e+02	1.118286e+03	3.938677e+02	1.114163e+02	1.089836e+03	3.405715e+02	4.170126e+01	5.207919e+01	
1.112460e+03	4.008832e+02	1.125515e+03	3.447730e+02	1.155204e+03	3.516807e+02	1.142148e+03	4.077910e+02	1.030981e+02	1.113987e+03	3.432269e+02	3.968868e+01	6.611022e+01	
1.134142e+03	4.175161e+02	1.152135e+03	3.585342e+02	1.183836e+03	3.682051e+02	1.165843e+03	4.271870e+02	1.069650e+02	1.138138e+03	3.583696e+02	4.170126e+01	6.898190e+01	
1.172106e+03	4.240169e+02	1.186624e+03	3.658489e+02	1.214300e+03	3.727567e+02	1.199782e+03	4.309247e+02	1.040143e+02	1.174365e+03	3.643028e+02	3.767610e+01	6.816799e+01	
